% Case : Normal Case 
% Bus Data
% Bus No      Bus Name         Bus Type       VA in complex#      VB in complex#      VC in complex#      IA in complex#      IB in complex#      IC in complex#   Shunt Cap   Shunt Available
   1	   3	      1.06	       0	     -0.53	   0.918	     -0.53	  -0.918	     2.415	 -0.2515	   -0.9896	   2.217	    -1.425	  -1.966,    0.0000,    0.0000
   2	   2	     1.042	-0.04526	   -0.4818	   0.925	   -0.5602	 -0.8798	    0.1582	 -0.4032	    0.2701	  0.3386	   -0.4283	 0.06463,    0.0000,    0.0000
   3	   0	      1.02	-0.06105	   -0.4572	   0.914	   -0.5629	 -0.8529	  -0.02272	 0.01304	 6.528e-05	 -0.0262	   0.02265	 0.01315,    0.0000,    0.1000
   4	   4	     1.009	-0.07396	   -0.4406	  0.9111	   -0.5687	 -0.8371	  -0.04827	  0.3691	   -0.2955	 -0.2263	    0.3438	 -0.1427,    0.0000,    0.0000
   5	   2	     1.003	 -0.1166	   -0.4007	  0.9271	   -0.6026	 -0.8106	   -0.9189	  0.1722	    0.3104	 -0.8819	    0.6086	  0.7098,    0.0000,    0.0000
   6	   4	     1.006	-0.08971	   -0.4253	  0.9161	   -0.5807	 -0.8264	   0.04507	  0.5055	   -0.4603	 -0.2137	    0.4152	 -0.2918,    0.0000,    0.4000
   7	   0	     1.001	 -0.1052	   -0.4095	  0.9196	   -0.5917	 -0.8145	   -0.2139	  0.1313	 -0.006777	 -0.2509	    0.2207	  0.1196,    0.0000,    0.2000
   8	   2	     1.005	-0.09622	   -0.4194	  0.9188	    -0.586	 -0.8226	   -0.3018	-0.03529	    0.1814	 -0.2437	    0.1203	   0.279,    0.0000,    0.0000
   9	   4	     1.043	 -0.1254	   -0.4132	  0.9664	   -0.6303	  -0.841	   0.07657	  0.6374	   -0.5903	 -0.2524	    0.5137	  -0.385,    0.0000,    0.0000
  10	   0	      1.07	 -0.1455	   -0.4091	  0.9995	    -0.661	 -0.8541	  -0.05106	 0.02756	  0.001659	  -0.058	    0.0494	 0.03044,    0.1900,    0.3100
  11	   2	     1.074	 -0.1291	   -0.4253	  0.9949	   -0.6489	 -0.8658	  -0.03556	 -0.2959	    0.2741	  0.1172	   -0.2385	  0.1788,    0.0000,    0.0000
  12	   4	     1.049	 -0.1268	   -0.4149	  0.9722	   -0.6345	 -0.8454	  -0.04763	  0.4886	   -0.3993	 -0.2855	    0.4469	  -0.203,    0.0000,    0.0000
  13	   2	     1.063	 -0.1285	   -0.4204	  0.9851	   -0.6429	 -0.8566	  -0.02399	 -0.1986	     0.184	  0.0785	     -0.16	  0.1201,    0.0000,    0.0000
  14	   0	     1.043	 -0.1344	    -0.405	  0.9703	   -0.6378	 -0.8359	  -0.05655	 0.02266	  0.008651	-0.06031	    0.0479	 0.03764,    0.0000,    0.2000
  15	   0	     1.042	 -0.1361	   -0.4031	  0.9704	   -0.6388	 -0.8343	  -0.07432	 0.03374	  0.007945	-0.08123	   0.06638	  0.0475,    0.0000,    0.1000
  16	   0	     1.054	 -0.1377	   -0.4077	  0.9816	   -0.6462	 -0.8439	  -0.03048	 0.02105	 -0.002993	-0.03692	   0.03347	 0.01587,    0.0000,    0.3000
  17	   0	     1.063	 -0.1442	   -0.4064	  0.9923	   -0.6562	 -0.8481	  -0.07586	 0.06484	  -0.01822	-0.09811	   0.09408	 0.03327,    0.0000,    0.2000
  18	   0	     1.045	 -0.1447	   -0.3973	  0.9775	   -0.6479	 -0.8328	  -0.02887	 0.01261	  0.003515	-0.03131	   0.02536	  0.0187,    0.0000,    0.1000
  19	   0	     1.049	 -0.1484	   -0.3959	  0.9825	   -0.6529	 -0.8341	  -0.08428	  0.0443	  0.003776	-0.09514	    0.0805	 0.05084,    0.0000,    0.1000
  20	   0	     1.054	 -0.1482	   -0.3985	  0.9866	   -0.6552	 -0.8384	  -0.01955	0.009353	  0.001673	 -0.0216	   0.01787	 0.01225,    0.0000,    0.1000
  21	   0	     1.034	 -0.1309	   -0.4038	  0.9612	   -0.6305	 -0.8303	   -0.1529	  0.1273	  -0.03381	 -0.1961	    0.1867	 0.06878,    0.0000,    0.1000
  22	   4	     1.025	 -0.1249	   -0.4046	  0.9505	   -0.6209	 -0.8256	    0.1823	   1.496	    -1.386	 -0.5898	     1.204	 -0.9057,    0.0000,    0.0000
  23	   0	     1.035	  -0.138	   -0.3977	  0.9649	   -0.6368	 -0.8269	  -0.02836	 0.01925	  -0.00249	-0.03419	   0.03085	 0.01494,    0.0000,    0.0000
  24	   0	     1.029	 -0.1382	   -0.3949	  0.9604	   -0.6342	 -0.8222	  -0.07446	 0.07512	  -0.02783	  -0.102	    0.1023	 0.02693,    0.0430,    0.0570
  25	   4	     1.009	 -0.1251	   -0.3963	  0.9366	    -0.613	 -0.8115	   0.01793	  0.1445	   -0.1341	-0.05674	    0.1162	-0.08779,    0.0000,    0.0000
  26	   0	         1	 -0.1277	   -0.3895	    0.93	   -0.6107	 -0.8023	  -0.03154	 0.02702	 -0.007632	-0.04083	   0.03918	 0.01381,    0.0000,    0.0000
  27	   4	     1.015	 -0.1255	    -0.399	   0.942	   -0.6163	 -0.8165	  0.001424	 0.01153	   -0.0107	-0.004533	  0.009275	  -0.007,    0.0000,    0.0000
  28	   4	     1.003	-0.09396	   -0.4199	  0.9153	   -0.5827	 -0.8213	  0.004604	 0.04913	  -0.04485	-0.02058	   0.04024	-0.02855,    0.0000,    0.0000
  29	   0	     1.004	  -0.135	   -0.3853	  0.9372	   -0.6191	 -0.8023	  -0.02229	 0.01196	 0.0007901	-0.02528	    0.0215	 0.01333,    0.0000,    0.0000
  30	   0	    0.9977	 -0.1417	   -0.3761	  0.9349	   -0.6216	 -0.7932	   -0.1015	 0.03346	   0.02177	 -0.1046	   0.07972	 0.07116,    0.0000,    0.0500
