% Case : Normal Case 
% Bus Data
% Bus No      Bus Name         Bus Type       VA in complex#      VB in complex#      VC in complex#      IA in complex#      IB in complex#      IC in complex#   Shunt Cap   Shunt Available
1	   3	      1.06	       0	     -0.53	   0.918	     -0.53	  -0.918	     15.89	   1.016	    -8.824	   13.25	    -7.064	  -14.27    0.0000    0.0000
2	   2	    0.9906	 -0.3263	   -0.2127	   1.021	   -0.7779	 -0.6948	    -1.966	  -3.871	     4.336	  0.2334	     -2.37	   3.638    0.0000    0.0000
3	   0	    0.9215	 -0.4017	   -0.1128	  0.9989	   -0.8087	 -0.5971	  -0.08558	   0.102	  -0.04556	 -0.1251	    0.1311	 0.02311    0.0000    0.1000
4	   4	    0.8844	 -0.4918	  -0.01628	   1.012	   -0.8682	   -0.52	    -1.431	  -1.801	     2.275	  -0.339	    -0.844	    2.14    0.0000    0.0000
5	   2	    0.7505	 -0.6759	    0.2101	  0.9879	   -0.9606	  -0.312	    -4.675	   1.777	    0.7983	  -4.937	     3.877	    3.16    0.0000    0.0000
6	   4	    0.8377	 -0.5642	   0.06975	   1.008	   -0.9075	 -0.4434	   -0.5392	 -0.8006	    0.9629	-0.06665	   -0.4237	  0.8672    0.0000    0.4000
7	   0	    0.7832	 -0.6328	    0.1565	  0.9947	   -0.9397	 -0.3618	   -0.5404	   1.133	   -0.7106	  -1.034	     1.251	-0.09824    0.2000    0.0000
8	   2	    0.8185	 -0.5917	    0.1032	   1.005	   -0.9217	  -0.413	    -1.455	  0.5224	    0.2751	  -1.521	      1.18	  0.9988    0.0000    0.0000
9	   4	    0.7825	 -0.7017	    0.2164	   1.028	   -0.9989	 -0.3268	      0.25	  0.2787	   -0.3663	 0.07712	    0.1164	 -0.3558    0.0000    0.0000
10	   0	    0.7464	 -0.7704	     0.294	   1.032	     -1.04	 -0.2612	   -0.1206	  0.2601	    -0.165	 -0.2345	    0.2856	-0.02563    0.1900    0.3100
11	   2	    0.8056	 -0.7223	    0.2228	   1.059	    -1.028	 -0.3365	    -0.199	 -0.2219	    0.2917	-0.06138	  -0.09269	  0.2833    0.0000    0.0000
12	   4	    0.7704	 -0.7237	    0.2416	   1.029	    -1.012	 -0.3053	   -0.4012	  0.3467	   -0.0997	 -0.5208	    0.5009	  0.1741    0.0000    0.0000
13	   2	    0.7806	 -0.7333	    0.2448	   1.043	    -1.025	 -0.3094	   -0.1369	 -0.1458	    0.1947	-0.04571	  -0.05777	  0.1915    0.0000    0.0000
14	   0	    0.7186	 -0.7326	    0.2751	  0.9886	   -0.9937	  -0.256	   -0.1559	  0.2702	   -0.1561	 -0.2701	     0.312	-0.0001002  0.0000    0.2000
15	   0	    0.7089	 -0.7349	     0.282	  0.9814	   -0.9909	 -0.2465	   -0.1907	  0.3739	   -0.2285	 -0.3521	    0.4191	-0.02181    0.0000    0.1000
16	   0	    0.7369	 -0.7396	    0.2721	   1.008	    -1.009	 -0.2684	  -0.05727	  0.1795	   -0.1268	 -0.1393	    0.1841	-0.04015    0.0000    0.3000
17	   0	    0.7284	 -0.7584	    0.2926	    1.01	    -1.021	 -0.2517	  -0.09765	  0.4994	   -0.3837	 -0.3343	    0.4813	 -0.1652    0.0000    0.2000
18	   0	    0.6776	 -0.7461	    0.3074	  0.9599	    -0.985	 -0.2138	  -0.07367	  0.1475	  -0.09094	 -0.1376	    0.1646	-0.00997    0.0000    0.1000
19	   0	     0.671	 -0.7527	    0.3164	  0.9574	   -0.9873	 -0.2048	   -0.1876	  0.4638	   -0.3079	 -0.3944	    0.4955	-0.06945    0.0000    0.1000
20	   0	    0.6864	 -0.7576	    0.3129	  0.9733	   -0.9993	 -0.2157	  -0.04692	  0.1026	  -0.06539	-0.09194	    0.1123	-0.01066    0.0000    0.1000
21	   0	    0.7075	 -0.7541	    0.2993	  0.9898	    -1.007	 -0.2357	   -0.1841	  0.9873	    -0.763	 -0.6531	    0.9471	 -0.3342    0.0000    0.1000
22	   4	     0.708	 -0.7522	    0.2975	  0.9892	    -1.005	  -0.237	    0.4085	  0.3844	   -0.5371	  0.1615	    0.1287	 -0.5459    0.0000    0.0000
23	   0	    0.6845	 -0.7467	    0.3044	  0.9662	   -0.9889	 -0.2195	  -0.04852	  0.1698	   -0.1228	 -0.1269	    0.1713	-0.04288    0.0000    0.0000
24	   0	    0.6782	 -0.7671	    0.3252	  0.9709	    -1.003	 -0.2038	  -0.03629	   0.535	   -0.4452	 -0.2989	    0.4814	 -0.2361    0.1000    0.0000
25	   4	    0.6848	 -0.7518	    0.3087	   0.969	   -0.9935	 -0.2172	  -0.08651	 -0.0788	    0.1115	-0.03552	  -0.02498	  0.1143    0.0000    0.0000
26	   0	    0.6405	 -0.7303	    0.3123	  0.9199	   -0.9527	 -0.1895	  -0.02978	  0.2135	     -0.17	 -0.1325	    0.1998	-0.08096    0.0000    0.0000
27	   4	     0.709	 -0.7375	    0.2841	  0.9827	   -0.9932	 -0.2453	    0.5126	  0.4938	   -0.6839	  0.1971	    0.1713	 -0.6908    0.0000    0.0000
28	   4	    0.8176	 -0.5879	    0.1003	   1.002	   -0.9179	 -0.4141	    -0.163	 -0.2267	    0.2778	-0.02781	   -0.1148	  0.2545    0.0000    0.0000
29	   0	    0.6508	 -0.8147	    0.3802	   0.971	    -1.031	 -0.1563	  -0.03716	  0.1181	  -0.08369	-0.09123	    0.1209	-0.02686    0.0000    0.0000
30	   0	    0.6184	 -0.9045	    0.4742	  0.9878	    -1.093	-0.08329	   -0.2053	  0.4436	   -0.2815	 -0.3996	    0.4868	-0.04397    0.2000    0.0000
